1 5388
2 5182
3 5151
4 5032
5 5139
6 5072
7 5043
8 4996
9 5149
10 4988
11 5081
12 5027
13 4941
14 5050
15 5160
16 5169
17 5152
18 5000
19 5031
20 5064
21 5130
22 5251
23 5051
24 5064
25 5072
26 5276
27 5065
28 5014
29 5072
30 5018
31 5129
32 5018
33 4958
34 4959
35 5120
36 5238
37 5193
38 5076
39 5091
40 4927
41 5148
42 5108
43 4971
44 5086
45 5025
46 5023
47 5011
48 5095
49 4939
50 5129
51 5072
52 4992
53 4949
54 5116
55 5114
56 4990
57 5081
58 5008
59 5122
60 5079
61 5027
62 4974
63 5134
64 5128
65 5013
66 5063
67 5055
68 5126
69 4952
70 5028
71 5109
72 4995
73 5202
74 4939
75 5107
76 5120
77 5086
78 5167
79 4984
80 5107
81 5347
82 5058
83 5036
84 4947
85 5155
86 5021
87 5130
88 4943
89 5094
90 5097
91 5095
92 5090
93 5014
94 5077
95 5117
96 5079
97 4941
98 4952
99 5157
100 5070
101 5210
102 4930
103 5171
104 4955
105 5011
106 5099
107 5044
108 5145
109 5176
110 5128
111 4970
112 5018
113 5109
114 5031
115 5051
116 4880
117 5010
118 5146
119 4987
120 5061
121 5136
122 5243
123 4978
124 5057
125 5136
126 5082
127 5194
128 5134
129 5061
130 5059
131 4935
132 5122
133 5026
134 4960
135 5192
136 5183
137 5059
138 5125
139 5020
140 5005
141 5128
142 4968
143 5135
144 4951
145 5024
146 5079
147 5046
148 4950
149 5081
150 4958
151 5122
152 5083
153 5034
154 5003
155 5004
156 5071
157 5004
158 5044
159 4975
160 4971
161 5015
162 5143
163 5031
164 4989
165 5100
166 5036
167 5132
168 5145
169 5157
170 5152
171 5123
172 5293
173 5198
174 4959
175 5185
176 5013
177 5153
178 4963
179 5043
180 5089
181 5115
182 4954
183 5050
184 5001
185 4996
186 5054
187 5128
188 5082
189 4999
190 5147
191 5080
192 4974
193 4993
194 5034
195 5044
196 5144
197 4979
198 5018
199 4936
200 4982
201 5012
202 4918
203 5111
204 5070
205 5227
206 4931
207 5027
208 5108
209 5126
210 5132
211 4957
212 5065
213 5079
214 5336
215 5044
216 5037
217 5068
218 5055
219 5408
220 5231
221 5236
222 5012
223 5134
224 4982
225 5052
226 4940
227 5043
228 5089
229 5115
230 4954
231 5050
232 5001
233 4996
234 5054
235 5128
236 5082
237 4999
238 5147
239 5080
240 4974
241 4993
242 5034
243 5044
244 5144
245 4979
246 5018
247 4936
248 4982
249 5012
250 4918
251 5111
252 5070
253 5227
254 4931
255 5027
256 5108
257 5126
258 5132
259 4957
260 5065
261 5079
262 5336
263 5044
264 5037
265 5068
266 5055
267 5148
268 5072
269 5057
270 5144
271 5141
272 5015
273 5075
274 5189
275 5234
276 5066
277 4992
278 5091
279 5023
280 5117
281 4964
282 5056
283 5080
284 5083
285 4999
286 5048
287 5008
288 5124
289 5077
290 5049
291 4945
292 4956
293 5006
294 4968
295 5063
296 4988
297 5031
298 4982
299 5135
300 5265
301 4997
302 5107
303 5042
304 5029
305 4960
306 5066
307 4933
308 5208
309 5169
310 5017
311 5034
312 4950
313 5081
314 4958
315 5122
316 5083
317 5034
318 5003
319 5004
320 5071
321 5263
322 5140
323 5010
324 5088
325 5060
326 4990
327 4977
328 5127
329 5157
330 5132
331 5143
332 5039
333 5203
334 5032
335 4969
336 4989
337 5081
338 5099
339 4922
340 5048
341 5032
342 5185
343 4966
344 5095
345 5175
346 5059
347 5125
348 5020
349 5005
350 5128
351 4968
352 5135
353 4951
354 5024
355 5079
356 5046
357 4950
358 5081
359 4958
360 5122
361 5083
362 5034
363 5003
364 5004
365 5071
366 5004
367 5044
368 4975
369 4971
370 5015
371 5143
372 5187
373 5096
374 5121
375 5109
376 5023
377 4974
378 5046
379 4928
380 5005
381 5224
382 5041
383 5036
384 5004
385 4959
386 5073
387 4990
388 5025
389 5034
390 4948
391 4949
392 5019
393 5036
394 5121
395 5030
396 5053
397 4953
398 4972
399 5122
400 5238
401 5193
402 5076
403 5091
404 4927
405 5148
406 5108
407 4971
408 5086
409 5025
410 5023
411 5011
412 5095
413 4939
414 5129
415 5072
416 4992
417 4949
418 5116
419 5114
420 4990
421 5081
422 5008
423 5254
424 5182
425 5022
426 5094
427 5066
428 4994
429 5042
430 5102
431 5007
432 5013
433 4974
434 5117
435 5005
436 4966
437 5085
438 5020
439 5148
440 5100
441 5068
442 4941
443 5115
444 5067
445 5020
446 5055
447 5050
448 5015
449 4962
450 4990
451 5194
452 5138
453 5031
454 5001
455 4977
456 5065
457 4978
458 5180
459 4977
460 5051
461 5159
462 4944
463 5002
464 4917
465 5045
466 5136
467 5094
468 4905
469 5047
470 5094
471 5123
472 5195
473 5166
474 5390
475 5071
476 5047
477 5088
478 5192
479 5106
480 5012
481 5076
482 4944
483 5091
484 5023
485 5117
486 4964
487 5056
488 5080
489 5083
490 4999
491 5048
492 5008
493 5124
494 5077
495 5049
496 4945
497 4956
498 5006
499 4968
500 5063
501 4988
502 5031
503 4982
504 5135
505 5265
506 4997
507 5107
508 5042
509 5029
510 4960
511 5066
512 4933
513 5208
514 5169
515 5017
516 5034
517 4950
518 5081
519 4958
520 5122
521 5083
522 5034
523 5003
524 5004
525 5326
526 5057
527 5137
528 5163
529 4993
530 5107
531 5032
532 5053
533 4962
534 4995
535 4985
536 4953
537 5109
538 5133
539 5021
540 5111
541 4958
542 5220
543 5097
544 5022
545 5119
546 5023
547 5054
548 5011
549 5076
550 5005
551 4942
552 5091
553 5125
554 5130
555 5081
556 5041
557 5132
558 5091
559 5095
560 5099
561 4959
562 5067
563 5200
564 5093
565 5110
566 5131
567 5035
568 5115
569 4970
570 5018
571 5109
572 5031
573 5051
574 4880
575 5010
576 5246
577 5042
578 4932
579 4914
580 5209
581 5068
582 5131
583 5013
584 4851
585 4960
586 5028
587 5083
588 5124
589 5047
