1 6546
2 6368
3 6227
4 6059
5 5979
6 5839
7 5768
8 5787
9 5797
10 5702
11 5635
12 5622
13 5658
14 5599
15 5530
16 5539
17 5585
18 5570
19 5599
20 5708
21 5661
22 5650
23 5588
24 5559
25 5519
26 5532
27 5524
28 5548
29 5462
30 5521
31 5482
32 5471
33 5480
34 5511
35 5525
36 5488
37 5616
38 5607
39 5478
40 5455
41 5530
42 5506
43 5535
44 5623
45 5508
46 5670
47 5525
48 5735
49 5581
50 5586
51 5548
52 5554
53 5487
54 5467
55 5477
56 5490
57 5564
58 5565
59 5516
60 5562
61 5491
62 5519
63 5474
64 5473
65 5490
66 5468
67 5550
68 5547
69 5602
70 5530
71 5526
72 5606
73 5582
74 5631
75 5555
76 5552
77 5549
78 5528
79 5636
80 5626
81 5745
82 5603
83 5595
84 5656
85 5497
86 5527
87 5587
88 5567
89 5556
90 5558
91 5459
92 6531
93 6535
94 6215
95 6115
96 6081
97 5907
98 5966
99 5858
100 5880
101 5759
102 5804
103 5708
104 5621
105 5673
106 5660
107 5574
108 5845
109 5641
110 5878
111 5610
112 5655
113 5600
114 5698
115 5822
116 5708
117 5589
118 5519
119 5593
120 5579
121 5626
122 5481
123 5555
124 5629
125 5567
126 5561
127 5476
128 5560
129 5563
130 5567
131 5568
132 5583
133 5552
134 5574
135 5557
136 5553
137 5611
138 5595
139 5586
140 5611
141 5617
142 5537
143 6718
144 6521
145 6140
146 6108
147 6005
148 5905
149 5804
150 5640
151 5771
152 5810
153 5773
154 5919
155 5912
156 5659
157 5831
158 5868
159 5936
160 5705
161 5814
162 5707
163 5970
164 5566
165 5588
166 5697
167 5628
168 5620
169 5764
170 5524
171 5632
172 5602
173 5587
174 5534
175 5544
176 5623
177 5612
178 5710
179 5581
180 5645
181 5581
182 5645
183 5581
184 5645
185 5581
186 5645
187 5581
188 5645
189 5581
190 5645
191 5581
192 5645
193 5581
194 6656
195 6425
196 6233
197 6127
198 6075
199 6106
200 6010
201 5971
202 5894
203 6062
204 5981
205 6041
206 6047
207 5801
208 5915
209 5683
210 5742
211 5757
212 5764
213 5626
214 5578
215 5737
216 5726
217 5681
218 5548
219 5695
220 5551
221 5557
222 5533
223 5539
224 5608
225 5536
226 5479
227 5536
228 5543
229 5715
230 5706
231 5568
232 5692
233 5818
234 5679
235 5735
236 5695
237 5640
238 5863
239 5633
240 5638
241 5717
242 5688
243 5655
244 5676
245 6711
246 6517
247 6330
248 6182
249 6000
250 6030
251 5971
252 6013
253 5830
254 5778
255 5758
256 5735
257 5783
258 5655
259 5631
260 5692
261 5638
262 5557
263 5629
264 5723
265 5588
266 5552
267 5493
268 5582
269 5547
270 5480
271 5624
272 5557
273 5591
274 5562
275 5622
276 5582
277 5534
278 5523
279 5547
280 5458
281 5523
282 5565
283 5527
284 5500
285 5513
286 5475
287 5660
288 5617
289 5588
290 5545
291 5530
292 5533
293 5489
294 5480
295 5498
296 6629
297 6424
298 6196
299 6064
300 6108
301 5980
302 5988
303 5838
304 5823
305 5805
306 5780
307 5642
308 5627
309 5592
310 5626
311 5634
312 5572
313 5559
314 5571
315 5540
316 5524
317 5517
318 5609
319 5539
320 5621
321 5593
322 5666
323 5777
324 5818
325 5668
326 5590
327 5630
328 5565
329 5634
330 5625
331 5613
332 5523
333 5664
334 5794
335 5648
336 5667
337 5601
338 5626
339 5547
340 5660
341 5496
342 5597
343 5609
344 5523
345 5538
346 5549
347 6643
348 6470
349 6216
350 6159
351 6166
352 6050
353 5963
354 5983
355 5906
356 5801
357 5796
358 5790
359 5753
360 5734
361 5804
362 5671
363 5655
364 5833
365 5689
366 5780
367 5727
368 5704
369 5607
370 5496
371 5594
372 5528
373 5479
374 5527
375 5552
376 5550
377 5467
378 5541
379 5515
380 5420
381 5558
382 5618
383 5608
384 5540
385 5531
386 5579
387 5495
388 5517
389 5431
390 5520
391 5564
392 5535
393 5703
394 5905
395 5576
396 5617
397 5673
398 5572
399 5567
400 5643
401 5627
402 5573
403 5551
404 5568
405 5518
406 5551
407 5530
408 5524
409 5538
410 5512
411 5522
412 5523
413 5500
414 5641
415 5529
416 5505
417 5546
418 5457
419 5488
420 5494
421 5621
422 5518
423 5543
424 5594
425 5487
426 5535
427 5512
428 5468
429 5391
430 5548
431 5566
432 5533
433 5434
434 5559
435 5720
436 5602
437 5693
438 5593
439 5544
440 5525
441 5673
442 5689
443 5662
444 5587
445 5580
446 5542
447 5512
448 5516
449 5572
450 5590
451 5491
452 5574
453 5547
454 5601
455 5573
456 5708
457 5588
458 5546
459 5583
460 5476
461 5571
462 5527
463 5510
464 5468
465 5442
466 5454
467 5469
468 5522
469 5627
470 5453
471 5494
472 5477
473 5503
474 5591
475 5500
476 5560
477 5583
478 5558
479 5548
480 5600
481 6573
482 6289
483 6003
484 5988
485 5883
486 5814
487 5791
488 5775
489 5809
490 5652
491 5688
492 5582
493 5677
494 5678
495 5720
496 5768
497 5697
498 5653
499 5579
500 5532
501 5606
502 5571
503 5583
504 5573
505 5575
506 5581
507 5585
508 5616
509 5566
510 5678
511 5602
512 5678
513 5641
514 5575
515 5672
516 5638
517 5531
518 5597
519 5597
520 5671
521 5549
522 5531
523 5514
524 5509
525 5608
526 5518
527 5651
528 5623
529 5590
530 5659
531 5618
532 6611
533 6301
534 6152
535 6002
536 6081
537 5879
538 5961
539 5803
540 5884
541 5745
542 5708
543 5660
544 5702
545 5644
546 5709
547 5664
548 5734
549 5704
550 5661
551 5630
552 5687
553 5732
554 5846
555 5886
556 5812
557 5746
558 5697
559 5666
560 5637
561 5603
562 5606
563 5605
564 5723
565 5736
566 5697
567 5703
568 5667
569 5805
570 5616
571 5650
572 5657
573 5609
574 5586
575 5656
576 5697
577 5665
578 5618
579 5612
580 5628
581 5673
582 5677
583 6875
584 6725
585 6568
586 6311
587 6290
588 6107
589 6059
590 5938
591 5954
592 5945
593 5858
594 5857
595 5886
596 5890
597 5788
598 5800
599 5823
600 5795
601 5755
602 5882
603 5611
604 5662
605 5807
606 5781
607 5688
608 5626
609 5673
610 5708
611 5627
612 5651
613 5609
614 5662
615 5613
616 5535
617 5470
618 5577
619 5561
620 5534
621 5612
622 5577
623 5568
624 5690
625 5471
626 5655
627 5519
628 5581
629 5553
630 5585
631 5577
632 5438
633 5553
634 6476
635 6232
636 6061
637 5934
638 5863
639 5822
640 5812
641 5764
642 5815
643 5752
644 5798
645 5741
646 5725
647 5706
648 5746
649 5887
650 5858
651 5795
652 5808
653 5811
654 5651
655 5700
656 5638
657 5614
658 5621
659 5649
660 5552
661 5634
662 5692
663 5649
664 5629
665 5605
666 5568
667 5646
668 5653
669 5593
670 5649
671 5627
672 5546
673 5580
674 5511
675 5576
676 5598
677 5634
678 5589
679 5765
680 5643
681 5592
682 5638
683 5564
684 5618
685 6525
686 6249
687 6093
688 5984
689 5938
690 5892
691 5833
692 5780
693 5762
694 5807
695 5666
696 5659
697 5651
698 5682
699 5631
700 5731
701 5787
702 5706
703 5604
704 5726
705 5648
706 5612
707 5720
708 5636
709 5694
710 5578
711 5790
712 5655
713 5719
714 5634
715 5633
716 5669
717 5678
718 5584
719 5630
720 5610
721 5601
722 5584
723 5519
724 5528
725 5605
726 5547
727 5559
728 5482
729 5508
730 5477
731 5415
732 5532
733 5491
734 5456
735 5419
736 6670
737 6553
738 6364
739 6221
740 6225
741 6345
742 6101
743 6185
744 5878
745 5855
746 5750
747 5688
748 5595
749 5688
750 5609
751 5654
752 5727
753 5810
754 5676
755 5697
756 5660
757 5623
758 5703
759 5531
760 5602
761 5551
762 5513
763 5543
764 5487
765 5587
766 5495
767 5528
768 5580
769 5590
770 5551
771 5498
772 5461
773 5530
774 5552
775 5422
776 5474
777 5557
778 5392
779 5437
780 5606
781 5614
782 5570
783 5573
784 5582
785 5568
786 5585
787 6715
788 6602
789 6423
790 6137
791 6029
792 6024
793 5866
794 5851
795 5936
796 5873
797 5718
798 5952
799 5774
800 5702
801 5859
802 5823
803 5760
804 5728
805 5740
806 5824
807 5734
808 5649
809 5617
810 5614
811 5930
812 5618
813 5583
814 5678
815 5713
816 5679
817 5546
818 5547
819 5696
820 5591
821 5723
822 5917
823 5711
824 5656
825 5575
826 5715
827 5569
828 5591
829 5638
830 5789
831 5643
832 5591
833 5643
834 5596
835 5545
836 5577
837 5505
838 6762
839 6505
840 6237
841 6112
842 6062
843 5925
844 5825
845 5780
846 5720
847 5757
848 5722
849 5718
850 5677
851 5647
852 5627
853 5651
854 5566
855 5551
856 5626
857 5568
858 5598
859 5609
860 5636
861 5675
862 5557
863 5570
864 5574
865 5622
866 5494
867 5576
868 5559
869 5566
870 5577
871 5566
872 5510
873 5595
874 5601
875 5699
876 5588
877 5632
878 5650
879 5730
880 5784
881 5587
882 5540
883 5610
884 5592
885 5633
886 5564
887 5468
888 5513
889 6845
890 6644
891 6574
892 6366
893 6090
894 6130
895 6038
896 6011
897 5880
898 5955
899 5900
900 5801
901 5968
902 5762
903 5783
904 5798
905 5803
906 5728
907 5772
908 5821
909 5788
910 5731
911 5768
912 5708
913 5683
914 5718
915 5739
916 5827
917 5670
918 5693
919 5725
920 5666
921 5761
922 5741
923 5745
924 5812
925 5807
926 5766
927 5739
928 5889
929 5745
930 5679
931 5749
932 5749
933 5617
934 5842
935 5811
936 5800
937 5808
938 5696
939 5642
940 6536
941 6413
942 6313
943 6140
944 6093
945 6048
946 5948
947 5898
948 5832
949 5892
950 5887
951 5857
952 5885
953 5824
954 5791
955 5684
956 5741
957 5870
958 5741
959 5870
960 5741
961 5870
962 5741
963 5870
964 5741
965 5870
966 5741
967 5870
968 5741
969 5870
970 5741
971 5870
972 5741
973 5870
974 5741
975 5870
976 5741
977 5870
978 5741
979 5870
980 5741
981 5870
982 5741
983 5870
984 5741
985 5870
986 5741
987 5870
988 5741
989 5870
990 5741
991 6716
992 6488
993 6348
994 6180
995 6128
996 6005
997 5937
998 5841
999 5704
1000 5660
