1 5388
2 5182
3 5151
4 5032
5 5139
6 5072
7 5043
8 4996
9 5149
10 4988
11 5081
12 5027
13 4941
14 5050
15 5160
16 5169
17 5152
18 5000
19 5031
20 5064
21 5130
22 5252
23 5051
24 5064
25 5074
26 5276
27 5065
28 5014
29 5072
30 5018
31 5129
32 5018
33 4958
34 4959
35 5120
36 5238
37 5193
38 5076
39 5091
40 4927
41 5148
42 5108
43 4971
44 5086
45 5025
46 5023
47 5011
48 5095
49 4939
50 5129
51 5072
52 4992
53 4949
54 5116
55 5114
56 4990
57 5081
58 5008
59 5122
60 5079
61 5027
62 4974
63 5134
64 5128
65 5013
66 5063
67 5055
68 5126
69 4952
70 5028
71 5109
72 4995
73 5202
74 4939
75 5107
76 5120
77 5086
78 5167
79 4984
80 5109
81 5347
82 5058
83 5036
84 4947
85 5155
86 5021
87 5130
88 4943
89 5094
90 5097
91 5095
92 5090
93 5014
94 5077
95 5117
96 5079
97 4941
98 4952
99 5157
100 5070
101 5210
102 4930
103 5171
104 4955
105 5011
106 5099
107 5044
108 5145
109 5176
110 5128
111 4970
112 5018
113 5109
114 5031
115 5051
116 4880
117 5010
118 5146
119 4987
120 5061
121 5136
122 5243
123 4978
124 5057
125 5136
126 5082
127 5194
128 5134
129 5061
130 5059
131 4935
132 5122
133 5026
134 4960
135 5192
136 5183
137 5059
138 5125
139 5020
140 5005
141 5128
142 4968
143 5135
144 4951
145 5024
146 5079
147 5046
148 4950
149 5081
150 4958
151 5122
152 5085
153 5034
154 5003
155 5004
156 5071
157 5004
158 5044
159 4975
160 4971
161 5015
162 5143
163 5031
164 4989
165 5100
166 5036
167 5133
168 5145
169 5157
170 5152
171 5123
172 5293
173 5198
174 4959
175 5185
176 5013
177 5153
178 4963
179 5043
180 5089
181 5115
182 4954
183 5050
184 5001
185 4996
186 5054
187 5128
188 5082
189 4999
190 5147
191 5082
192 4974
193 4993
194 5034
195 5044
196 5144
197 4979
198 5018
199 4936
200 4982
201 5012
202 4918
203 5111
204 5070
205 5227
206 4931
207 5027
208 5108
209 5126
210 5132
211 4957
212 5065
213 5081
214 5336
215 5044
216 5037
217 5068
218 5055
219 5408
220 5231
221 5236
222 5012
223 5134
224 4982
225 5052
226 4940
227 5043
228 5089
229 5115
230 4954
231 5050
232 5001
233 4996
234 5054
235 5128
236 5082
237 4999
238 5147
239 5082
240 4974
241 4993
242 5034
243 5044
244 5144
245 4979
246 5018
247 4936
248 4982
249 5012
250 4918
251 5111
252 5070
253 5227
254 4931
255 5027
256 5108
257 5126
258 5132
259 4957
260 5065
261 5081
262 5336
263 5044
264 5037
265 5068
266 5055
267 5148
268 5072
269 5057
270 5144
271 5141
272 5015
273 5075
274 5189
275 5234
276 5066
277 4992
278 5091
279 5023
280 5117
281 4964
282 5056
283 5080
284 5083
285 4999
286 5048
287 5008
288 5124
289 5077
290 5049
291 4945
292 4956
293 5006
294 4968
295 5063
296 4988
297 5031
298 4982
299 5135
300 5265
301 4997
302 5107
303 5042
304 5029
305 4960
306 5066
307 4933
308 5208
309 5169
310 5017
311 5034
312 4950
313 5081
314 4958
315 5122
316 5085
317 5034
318 5003
319 5004
320 5071
321 5263
322 5140
323 5010
324 5090
325 5050
326 5018
327 5039
328 5040
329 5022
330 5076
331 5245
332 5055
333 4988
334 4983
335 5048
336 5195
337 5020
338 5120
339 5122
340 4909
341 4934
342 4976
343 5084
344 5009
345 5105
346 4941
347 4968
348 5193
349 5094
350 5126
351 5043
352 5019
353 5021
354 5030
355 5099
356 5015
357 5145
358 5060
359 5107
360 5119
361 4912
362 5002
363 5003
364 4972
365 5085
366 4927
367 5106
368 5072
369 5138
370 5076
371 5015
372 5187
373 5096
374 5121
375 5111
376 5023
377 4974
378 5046
379 4928
380 5005
381 5224
382 5041
383 5036
384 5004
385 4959
386 5073
387 4990
388 5025
389 5034
390 4948
391 4949
392 5021
393 5036
394 5121
395 5030
396 5053
397 4953
398 4972
399 5122
400 5238
401 5193
402 5076
403 5091
404 4927
405 5148
406 5108
407 4971
408 5086
409 5025
410 5023
411 5011
412 5095
413 4939
414 5129
415 5072
416 4992
417 4949
418 5116
419 5114
420 4990
421 5081
422 5008
423 5254
424 5182
425 5022
426 5094
427 5066
428 4994
429 5042
430 5102
431 5007
432 5013
433 4974
434 5117
435 5005
436 4969
437 5085
438 5016
439 5140
440 5100
441 5068
442 4941
443 5115
444 5067
445 5020
446 5055
447 5050
448 5015
449 4962
450 4990
451 5194
452 5138
453 5031
454 5001
455 4977
456 5065
457 4978
458 5180
459 4977
460 5051
461 5159
462 4944
463 5002
464 4917
465 5045
466 5136
467 5094
468 4905
469 5047
470 5094
471 5123
472 5195
473 5166
474 5392
475 5105
476 5093
477 4987
478 5066
479 5204
480 5104
481 5081
482 5014
483 5074
484 5210
485 5065
486 5202
487 5032
488 5040
489 5071
490 5192
491 4927
492 5128
493 5170
494 5057
495 5212
496 4957
497 5041
498 5107
499 4976
500 4964
501 5160
502 5153
503 5054
504 5148
505 5028
506 5005
507 5128
508 4968
509 5135
510 4951
511 5024
512 5079
513 5046
514 4950
515 5081
516 4958
517 5122
518 5085
519 5034
520 5003
521 5004
522 5071
523 5004
524 5044
525 5326
526 5057
527 5137
528 5163
529 4993
530 5107
531 5032
532 5053
533 4962
534 4995
535 4985
536 4953
537 5109
538 5133
539 5021
540 5111
541 4958
542 5220
543 5097
544 5022
545 5119
546 5023
547 5054
548 5011
549 5076
550 5005
551 4942
552 5091
553 5125
554 5132
555 5191
556 4968
557 4972
558 4991
559 5178
560 5036
561 5062
562 4981
563 5030
564 5224
565 5125
566 5050
567 4995
568 4948
569 4966
570 5091
571 5101
572 4974
573 4956
574 5058
575 5051
576 5246
577 5042
578 4933
579 4951
580 5241
581 5014
582 4951
583 5151
584 5134
585 5079
586 4944
587 5113
588 4958
589 5011
590 5120
591 5051
592 5140
593 4940
594 5066
595 5032
596 5057
597 5013
598 5005
599 5101
600 5079
601 5212
602 5013
603 4983
604 5051
605 5066
606 4982
607 5082
608 4960
609 5086
610 5123
611 5045
612 5119
613 4974
614 4985
615 5063
616 4988
617 5031
618 4982
619 5135
620 5265
621 4997
622 5107
623 5042
624 5029
625 4960
626 5066
627 5165
628 5019
629 5121
630 5119
631 5136
632 4958
633 4960
634 5156
635 5153
636 5131
637 4936
638 4889
639 5173
640 5146
641 5022
642 5145
643 5179
644 5106
645 5016
646 5043
647 4922
648 5184
649 5215
650 5019
651 5137
652 4951
653 5148
654 4982
655 5158
656 5185
657 5175
658 5088
659 4951
660 5114
661 5060
662 4975
663 4902
664 5086
665 4970
666 5086
667 5054
668 5037
669 5234
670 5118
671 5079
672 5030
673 5127
674 5300
675 5038
676 5026
677 4960
678 5266
679 5237
680 5167
681 4952
682 5071
683 4989
684 5064
685 5035
686 5121
687 4976
688 5103
689 5052
690 5072
691 5143
692 5119
693 5116
694 4964
695 5043
696 5077
697 5138
698 5099
699 4931
700 5118
701 4986
702 4976
703 5106
704 5046
705 4989
706 5055
707 5097
708 4944
709 5085
710 5078
711 4995
712 5136
713 5063
714 5127
715 4976
716 5149
717 5060
718 5059
719 5001
720 4989
721 4898
722 5066
723 4986
724 4925
725 5070
726 5132
727 5111
728 5156
729 5187
730 5142
731 5055
732 5152
733 4970
734 5171
735 4968
736 5117
737 5062
738 5244
739 4990
740 4930
741 5095
742 5091
743 5125
744 4999
745 5118
746 5070
747 5040
748 5108
749 5012
750 4968
751 5063
752 4988
753 5031
754 4982
755 5135
756 5265
757 4997
758 5107
759 5042
760 5029
761 4960
762 5066
763 4933
764 5208
765 5169
766 5017
767 5034
768 4950
769 5081
770 4958
771 5122
772 5085
773 5034
774 5003
775 5004
776 5071
777 5004
778 5044
779 4975
780 5208
781 5204
782 5028
783 5113
784 5018
785 5063
786 5071
787 5052
788 4978
789 5115
790 5072
791 5138
792 5076
793 5015
794 5135
795 5121
796 5019
797 5036
798 5064
799 5010
800 4990
801 4981
802 4957
803 5258
804 5104
805 5134
806 5061
807 5039
808 5120
809 5246
810 5099
811 4942
812 4946
813 4966
814 5063
815 4957
816 5065
817 5218
818 4971
819 4990
820 4999
821 5122
822 5062
823 5024
824 4977
825 5111
826 5234
827 5061
828 4967
829 5052
830 5072
831 5358
832 5238
833 5022
834 5056
835 4990
836 4910
837 5041
838 5010
839 4983
840 5139
841 4918
842 5122
843 5014
844 5186
845 4956
846 5047
847 5085
848 5076
849 5071
850 5148
851 5072
852 5057
853 4998
854 5063
855 4988
856 5031
857 4982
858 5135
859 5265
860 4997
861 5107
862 5042
863 5029
864 4960
865 5066
866 4933
867 5208
868 5169
869 5017
870 5034
871 4950
872 5081
873 4958
874 5122
875 5085
876 5034
877 5003
878 5004
879 5071
880 5004
881 5044
882 5168
883 5150
884 5152
885 4936
886 5015
887 5001
888 5056
889 5067
890 5154
891 5145
892 5131
893 4965
894 5010
895 5055
896 5004
897 4977
898 5066
899 4933
900 5208
901 5169
902 5017
903 5034
904 4950
905 5081
906 4958
907 5122
908 5085
909 5034
910 5003
911 5004
912 5071
913 5004
914 5044
915 4975
916 4971
917 5015
918 5143
919 5031
920 4989
921 5100
922 5036
923 5133
924 4983
925 5214
926 5093
927 5123
928 5018
929 5041
930 5104
931 5167
932 4969
933 5245
934 5104
935 4994
936 5038
937 5122
938 4978
939 5093
940 5129
941 5033
942 5182
943 4923
944 5022
945 4901
946 5062
947 5055
948 5159
949 5001
950 5083
951 5180
952 5140
953 4947
954 5107
955 5081
956 5077
957 4940
958 5003
959 5025
960 4949
961 5072
962 5036
963 5035
964 4969
965 5127
966 5158
967 5052
968 5052
969 4883
970 5027
971 5146
972 4987
973 5061
974 5136
975 5243
976 4978
977 5057
978 5136
979 5082
980 5194
981 5134
982 5061
983 5059
984 5217
985 5083
986 5162
987 5085
988 5134
989 4973
990 5160
991 4953
992 5200
993 4982
994 5131
995 5051
996 5132
997 5248
998 5041
999 5037
1000 5109
