1 4936
2 4976
3 4892
4 4907
5 4907
6 4907
7 4907
8 4907
9 4907
10 4907
11 4907
12 4907
13 4907
14 4907
15 4907
16 4907
17 4907
18 4907
19 4907
20 4907
21 4907
22 4907
23 4907
24 4907
25 4907
26 4907
27 4907
28 4907
29 4907
30 4907
31 4907
32 4907
33 4907
34 4907
35 4907
36 4907
37 4907
38 4907
39 4907
40 4907
41 4907
42 4907
43 4907
44 4907
45 4907
46 4907
47 4907
48 4907
49 4907
50 4907
51 4907
52 4907
53 4907
54 4907
55 4868
56 4907
57 4907
58 4907
59 4907
60 4907
61 4907
62 4907
63 4907
64 4907
65 4907
66 4907
67 4907
68 4907
69 4907
70 4907
71 4907
72 4907
73 4907
74 4907
75 4907
76 4907
77 4907
78 4907
79 4907
80 4907
81 4907
82 4907
83 4907
84 4907
85 4907
86 4907
87 4907
88 4907
89 4907
90 4907
91 4907
92 4907
93 4907
94 4907
95 4907
96 4907
97 4907
98 4907
99 4907
100 4907
101 4907
102 4907
103 4907
104 4907
105 4907
106 4907
107 4892
108 4907
109 4907
110 4907
111 4907
112 4907
113 4907
114 4907
115 4907
116 4907
117 4907
118 4907
119 4907
120 4907
121 4907
122 4907
123 4907
124 4907
125 4907
126 4907
127 4907
128 4907
129 4907
130 4907
131 4907
132 4907
133 4907
134 4907
135 4907
136 4907
137 4907
138 4907
139 4907
140 4907
141 4907
142 4907
143 4907
144 4907
145 4907
146 4907
147 4907
148 4907
149 4907
150 4907
151 4907
152 4907
153 4907
154 4907
155 4907
156 4907
157 4907
158 4966
159 4892
160 4907
161 4907
162 4907
163 4907
164 4907
165 4907
166 4907
167 4907
168 4907
169 4907
170 4907
171 4907
172 4907
173 4907
174 4907
175 4907
176 4907
177 4907
178 4907
179 4907
180 4907
181 4907
182 4907
183 4907
184 4907
185 4907
186 4907
187 4907
188 4907
189 4907
190 4907
191 4907
192 4907
193 4907
194 4907
195 4907
196 4907
197 4907
198 4907
199 4907
200 4907
201 4907
202 4907
203 4907
204 4907
205 4907
206 4907
207 4907
208 4907
209 4857
210 4907
211 4907
212 4907
213 4907
214 4907
215 4907
216 4907
217 4907
218 4907
219 4907
220 4907
221 4907
222 4907
223 4907
224 4907
225 4907
226 4907
227 4907
228 4907
229 4907
230 4907
231 4907
232 4907
233 4907
234 4907
235 4907
236 4907
237 4907
238 4907
239 4907
240 4907
241 4907
242 4907
243 4907
244 4907
245 4907
246 4907
247 4907
248 4907
249 4907
250 4907
251 4907
252 4907
253 4907
254 4907
255 4907
256 4907
257 4907
258 4907
259 4907
260 4907
261 4957
262 4892
263 4907
264 4907
265 4907
266 4907
267 4907
268 4907
269 4907
270 4907
271 4907
272 4907
273 4907
274 4907
275 4907
276 4907
277 4907
278 4907
279 4907
280 4907
281 4907
282 4907
283 4907
284 4907
285 4907
286 4907
287 4907
288 4907
289 4907
290 4907
291 4907
292 4907
293 4907
294 4907
295 4907
296 4907
297 4907
298 4907
299 4907
300 4907
301 4907
302 4907
303 4907
304 4907
305 4907
306 4907
307 4907
308 4907
309 4907
310 4907
311 4907
312 5015
313 4907
314 4907
315 4907
316 4907
317 4907
318 4907
319 4907
320 4907
321 4907
322 4907
323 4907
324 4907
325 4907
326 4907
327 4907
328 4907
329 4907
330 4907
331 4907
332 4907
333 4907
334 4907
335 4907
336 4907
337 4907
338 4907
339 4907
340 4907
341 4907
342 4907
343 4907
344 4907
345 4907
346 4907
347 4907
348 4907
349 4907
350 4907
351 4907
352 4907
353 4907
354 4907
355 4907
356 4907
357 4907
358 4907
359 4907
360 4907
361 4907
362 4907
363 4892
364 4907
365 4907
366 4907
367 4907
368 4907
369 4907
370 4907
371 4907
372 4907
373 4907
374 4907
375 4907
376 4907
377 4907
378 4907
379 4907
380 4907
381 4907
382 4907
383 4907
384 4907
385 4907
386 4907
387 4907
388 4907
389 4907
390 4907
391 4907
392 4907
393 4907
394 4907
395 4907
396 4907
397 4907
398 4907
399 4907
400 4907
401 4907
402 4907
403 4907
404 4907
405 4907
406 4907
407 4907
408 4907
409 4907
410 4907
411 4907
412 4907
413 4907
414 4940
415 4892
416 4907
417 4907
418 4907
419 4907
420 4907
421 4907
422 4907
423 4907
424 4907
425 4907
426 4907
427 4907
428 4907
429 4907
430 4907
431 4907
432 4907
433 4907
434 4907
435 4907
436 4907
437 4907
438 4907
439 4907
440 4907
441 4907
442 4907
443 4907
444 4907
445 4907
446 4907
447 4907
448 4907
449 4907
450 4907
451 4907
452 4907
453 4907
454 4907
455 4907
456 4907
457 4907
458 4907
459 4907
460 4907
461 4907
462 4907
463 4907
464 4907
465 4993
466 4892
467 4907
468 4907
469 4907
470 4907
471 4907
472 4907
473 4907
474 4907
475 4907
476 4907
477 4907
478 4907
479 4907
480 4907
481 4907
482 4907
483 4907
484 4907
485 4907
486 4907
487 4907
488 4907
489 4907
490 4907
491 4907
492 4907
493 4907
494 4907
495 4907
496 4907
497 4907
498 4907
499 4907
500 4907
501 4907
502 4907
503 4907
504 4907
505 4907
506 4907
507 4907
508 4907
509 4907
510 4907
511 4907
512 4907
513 4907
514 4907
515 4907
516 4900
517 4892
518 4907
519 4907
520 4907
521 4907
522 4907
523 4907
524 4907
525 4907
526 4907
527 4907
528 4907
529 4907
530 4907
531 4907
532 4907
533 4907
534 4907
535 4907
536 4907
537 4907
538 4907
539 4907
540 4907
541 4907
542 4907
543 4907
544 4907
545 4907
546 4907
547 4907
548 4907
549 4907
550 4907
551 4907
552 4907
553 4907
554 4907
555 4907
556 4907
557 4907
558 4907
559 4907
560 4907
561 4907
562 4907
563 4907
564 4907
565 4907
566 4907
567 4980
568 4907
569 4907
570 4907
571 4907
572 4907
573 4907
574 4907
575 4907
576 4907
577 4907
578 4907
579 4907
580 4907
581 4907
582 4907
583 4907
584 4907
585 4907
586 4907
587 4907
588 4907
589 4907
590 4907
591 4907
592 4907
593 4907
594 4907
595 4907
596 4907
597 4907
598 4907
599 4907
600 4907
601 4907
602 4907
603 4907
604 4907
605 4907
606 4907
607 4907
608 4907
609 4907
610 4907
611 4907
612 4907
613 4907
614 4907
615 4907
616 4907
617 4907
618 4907
619 4907
620 4907
621 4907
622 4907
623 4907
624 4907
625 4907
626 4907
627 4907
628 4907
629 4907
630 4907
631 4907
632 4907
633 4907
634 4907
635 4907
636 4907
637 4907
638 4907
639 4907
640 4907
641 4907
642 4907
643 4907
644 4907
645 4907
646 4907
647 4907
648 4907
649 4907
650 4907
651 4907
652 4907
653 4907
654 4907
655 4907
656 4907
657 4907
658 4907
659 4907
660 4907
661 4907
662 4907
663 4907
664 4907
665 4907
666 4907
667 4907
668 4907
669 4937
670 4907
671 4907
672 4907
673 4907
674 4907
675 4907
676 4907
677 4907
678 4907
679 4907
680 4907
681 4907
682 4907
683 4907
684 4907
685 4907
686 4907
687 4907
688 4907
689 4907
690 4907
691 4907
692 4907
693 4907
694 4907
695 4907
696 4907
697 4907
698 4907
699 4907
700 4907
701 4907
702 4907
703 4907
704 4907
705 4907
706 4907
707 4907
708 4907
709 4907
710 4907
711 4907
712 4907
713 4907
714 4907
715 4907
716 4907
717 4907
718 4907
719 4907
720 4899
721 4907
722 4907
723 4907
724 4907
725 4907
726 4907
727 4907
728 4907
729 4907
730 4907
731 4907
732 4907
733 4907
734 4907
735 4907
736 4907
737 4907
738 4907
739 4907
740 4907
741 4907
742 4907
743 4907
744 4907
745 4907
746 4907
747 4907
748 4907
749 4907
750 4907
751 4907
752 4907
753 4907
754 4907
755 4907
756 4907
757 4907
758 4907
759 4907
760 4907
761 4907
762 4907
763 4907
764 4907
765 4907
766 4907
767 4907
768 4907
769 4907
770 4907
771 4917
772 4964
773 4907
774 4907
775 4907
776 4907
777 4907
778 4907
779 4907
780 4907
781 4907
782 4907
783 4907
784 4907
785 4907
786 4907
787 4907
788 4907
789 4907
790 4907
791 4907
792 4907
793 4907
794 4907
795 4907
796 4907
797 4907
798 4907
799 4907
800 4907
801 4907
802 4907
803 4907
804 4907
805 4907
806 4907
807 4907
808 4907
809 4907
810 4907
811 4907
812 4907
813 4907
814 4907
815 4907
816 4907
817 4907
818 4907
819 4907
820 4907
821 4907
822 4911
823 4976
824 4907
825 4907
826 4907
827 4907
828 4907
829 4907
830 4907
831 4907
832 4907
833 4907
834 4907
835 4907
836 4907
837 4907
838 4907
839 4907
840 4907
841 4907
842 4907
843 4907
844 4907
845 4907
846 4907
847 4907
848 4907
849 4907
850 4907
851 4907
852 4907
853 4907
854 4907
855 4907
856 4907
857 4907
858 4907
859 4907
860 4907
861 4907
862 4907
863 4907
864 4907
865 4907
866 4907
867 4907
868 4907
869 4907
870 4907
871 4907
872 4907
873 4825
874 4907
875 4907
876 4907
877 4907
878 4907
879 4907
880 4907
881 4907
882 4907
883 4907
884 4907
885 4907
886 4907
887 4907
888 4907
889 4907
890 4907
891 4907
892 4907
893 4907
894 4907
895 4907
896 4907
897 4907
898 4907
899 4907
900 4907
901 4907
902 4907
903 4907
904 4907
905 4907
906 4907
907 4907
908 4907
909 4907
910 4907
911 4907
912 4907
913 4907
914 4907
915 4907
916 4907
917 4907
918 4907
919 4907
920 4907
921 4907
922 4907
923 4907
924 4907
925 4885
926 4952
927 4892
928 4907
929 4907
930 4907
931 4907
932 4907
933 4907
934 4907
935 4907
936 4907
937 4907
938 4907
939 4907
940 4907
941 4907
942 4907
943 4907
944 4907
945 4907
946 4907
947 4907
948 4907
949 4907
950 4907
951 4907
952 4907
953 4907
954 4907
955 4907
956 4907
957 4907
958 4907
959 4907
960 4907
961 4907
962 4907
963 4907
964 4907
965 4907
966 4907
967 4907
968 4907
969 4907
970 4907
971 4907
972 4907
973 4907
974 4907
975 4907
976 4894
977 4907
978 4907
979 4907
980 4907
981 4907
982 4907
983 4907
984 4907
985 4907
986 4907
987 4907
988 4907
989 4907
990 4907
991 4907
992 4907
993 4907
994 4907
995 4907
996 4907
997 4907
998 4907
999 4907
1000 4907
